41 99
273 448
821 1920
30 41
97 279
36 125
71 122
37 132
35 118
367 3543
12 12
100 343
24 24
7 12
57 110
61 370
16 16
40 40
45 71
447 1391
20 20
50 376
18 18
72 144
49 535
50 50
38 44
58 78
49 73
11 14
94 212
63 79
27 87
12 14
64 130
112 930
16 16
46 107
5 5
20 20
20 20
314 505
73 224
495 5226
33 33
42 42
64 233
117 406
80 150
40 40
838 2662
154 1455
89 858
33 56
63 63
48 193
188 663
26 35
20 20
32 32
18 18
11 37
8 8
329 863
77 77
448 3830
104 290
39 138
14 14
36 93
76 104
49 49
21 21
91 152
56 56
287 956
42 185
40 40
261 903
427 3700
67 160
143 955
75 328
189 495
24 24
121 314
153 294
505 2387
208 294
32 32
49 49
112 239
225 536
134 260
96 96
16 39
90 119
117 117
45 45
140 248
